0.00000000000e+00 9.91080277502e-01 -0.00000000000e+00
2.00400801603e+07 9.82208074585e-01 -9.41513198602e-02
4.00801603206e+07 9.56510371971e-01 -1.83443436268e-01
6.01202404810e+07 9.16515787034e-01 -2.63821290225e-01
8.01603206413e+07 8.65778252471e-01 -3.32573952862e-01
1.00200400802e+08 8.08170345370e-01 -3.88485268419e-01
1.20240480962e+08 7.47284024121e-01 -4.31644527133e-01
1.40280561122e+08 6.86062524692e-01 -4.63070164480e-01
1.60320641283e+08 6.26668518821e-01 -4.84303342988e-01
1.80360721443e+08 5.70522915937e-01 -4.97071951155e-01
2.00400801603e+08 5.18433318275e-01 -5.03061384363e-01
2.20440881764e+08 4.70748533006e-01 -5.03785301384e-01
2.40480961924e+08 4.27501658090e-01 -5.00531073160e-01
2.60521042084e+08 3.88525755269e-01 -4.94352710818e-01
2.80561122244e+08 3.53539418775e-01 -4.86089566550e-01
3.00601202405e+08 3.22205959146e-01 -4.76396157518e-01
3.20641282565e+08 2.94171996929e-01 -4.65774416086e-01
3.40681362725e+08 2.69091130648e-01 -4.54603843328e-01
3.60721442886e+08 2.46637350015e-01 -4.43167636702e-01
3.80761523046e+08 2.26511709038e-01 -4.31674318701e-01
4.00801603206e+08 2.08444753286e-01 -4.20275122150e-01
4.20841683367e+08 1.92196398469e-01 -4.09077691868e-01
4.40881763527e+08 1.77554376716e-01 -3.98156738078e-01
4.60921843687e+08 1.64331962552e-01 -3.87562241893e-01
4.80961923848e+08 1.52365417935e-01 -3.77325733234e-01
5.01002004008e+08 1.41511416763e-01 -3.67465070747e-01
5.21042084168e+08 1.31644594345e-01 -3.57988067829e-01
5.41082164329e+08 1.22655295352e-01 -3.48895235135e-01
5.61122244489e+08 1.14447549828e-01 -3.40181849267e-01
5.81162324649e+08 1.06937281032e-01 -3.31839508915e-01
6.01202404810e+08 1.00050734493e-01 -3.23857301790e-01
6.21242484970e+08 9.37231104057e-02 -3.16222676339e-01
6.41282565130e+08 8.78973784851e-02 -3.08922089702e-01
6.61322645291e+08 8.25232539986e-02 -3.01941486223e-01
6.81362725451e+08 7.75563146007e-02 -2.95266647714e-01
7.01402805611e+08 7.29572392720e-02 -2.88883446792e-01
7.21442885772e+08 6.86911526033e-02 -2.82778027045e-01
7.41482965932e+08 6.47270596575e-02 -2.76936928096e-01
7.61523046092e+08 6.10373585454e-02 -2.71347169301e-01
7.81563126253e+08 5.75974195975e-02 -2.65996302516e-01
8.01603206413e+08 5.43852215766e-02 -2.60872441870e-01
8.21643286573e+08 5.13810367496e-02 -2.55964276584e-01
8.41683366733e+08 4.85671578295e-02 -2.51261071428e-01
8.61723446894e+08 4.59276608275e-02 -2.46752658277e-01
8.81763527054e+08 4.34481987348e-02 -2.42429421425e-01
9.01803607214e+08 4.11158217067e-02 -2.38282278628e-01
9.21843687375e+08 3.89188200594e-02 -2.34302659385e-01
9.41883767535e+08 3.68465869337e-02 -2.30482481570e-01
9.61923847695e+08 3.48894979413e-02 -2.26814127251e-01
9.81963927856e+08 3.30388054977e-02 -2.23290418306e-01
1.00200400802e+09 3.12865458811e-02 -2.19904592282e-01
1.02204408818e+09 2.96254573346e-02 -2.16650278810e-01
1.04208416834e+09 2.80489077693e-02 -2.13521476794e-01
1.06212424850e+09 2.65508308294e-02 -2.10512532523e-01
1.08216432866e+09 2.51256692519e-02 -2.07618118796e-01
1.10220440882e+09 2.37683246024e-02 -2.04833215099e-01
1.12224448898e+09 2.24741125922e-02 -2.02153088867e-01
1.14228456914e+09 2.12387232900e-02 -1.99573277812e-01
1.16232464930e+09 2.00581856340e-02 -1.97089573310e-01
1.18236472946e+09 1.89288357277e-02 -1.94698004797e-01
1.20240480962e+09 1.78472884700e-02 -1.92394825159e-01
1.22244488978e+09 1.68104121301e-02 -1.90176497048e-01
1.24248496994e+09 1.58153055250e-02 -1.88039680087e-01
1.26252505010e+09 1.48592775021e-02 -1.85981218923e-01
1.28256513026e+09 1.39398284672e-02 -1.83998132065e-01
1.30260521042e+09 1.30546337278e-02 -1.82087601466e-01
1.32264529058e+09 1.22015284522e-02 -1.80246962809e-01
1.34268537074e+09 1.13784940682e-02 -1.78473696440e-01
1.36272545090e+09 1.05836459444e-02 -1.76765418915e-01
1.38276553106e+09 9.81522221971e-03 -1.75119875114e-01
1.40280561122e+09 9.07157365693e-03 -1.73534930892e-01
1.42284569138e+09 8.35115441560e-03 -1.72008566219e-01
1.44288577154e+09 7.65251364800e-03 -1.70538868788e-01
1.46292585170e+09 6.97428783421e-03 -1.69124028048e-01
1.48296593186e+09 6.31519378143e-03 -1.67762329645e-01
1.50300601202e+09 5.67402222072e-03 -1.66452150231e-01
1.52304609218e+09 5.04963194172e-03 -1.65191952619e-01
1.54308617234e+09 4.44094441228e-03 -1.63980281272e-01
1.56312625251e+09 3.84693883547e-03 -1.62815758081e-01
1.58316633267e+09 3.26664760143e-03 -1.61697078436e-01
1.60320641283e+09 2.69915209596e-03 -1.60623007555e-01
1.62324649299e+09 2.14357883151e-03 -1.59592377055e-01
1.64328657315e+09 1.59909586981e-03 -1.58604081758e-01
1.66332665331e+09 1.06490950823e-03 -1.57657076708e-01
1.68336673347e+09 5.40261204953e-04 -1.56750374386e-01
1.70340681363e+09 2.44247200357e-05 -1.55883042118e-01
1.72344689379e+09 -4.83296548000e-04 -1.55054199649e-01
1.74348697395e+09 -9.83572048843e-04 -1.54263016894e-01
1.76352705411e+09 -1.47704640728e-03 -1.53508711828e-01
1.78356713427e+09 -1.96434160580e-03 -1.52790548532e-01
1.80360721443e+09 -2.44605903704e-03 -1.52107835375e-01
1.82364729459e+09 -2.92278143909e-03 -1.51459923313e-01
1.84368737475e+09 -3.39507472558e-03 -1.50846204323e-01
1.86372745491e+09 -3.86348972151e-03 -1.50266109940e-01
1.88376753507e+09 -4.32856381499e-03 -1.49719109910e-01
1.90380761523e+09 -4.79082253442e-03 -1.49204710936e-01
1.92384769539e+09 -5.25078105970e-03 -1.48722455529e-01
1.94388777555e+09 -5.70894567602e-03 -1.48271920947e-01
1.96392785571e+09 -6.16581517761e-03 -1.47852718220e-01
1.98396793587e+09 -6.62188222915e-03 -1.47464491261e-01
2.00400801603e+09 -7.07763469144e-03 -1.47106916055e-01
2.02404809619e+09 -7.53355691829e-03 -1.46779699927e-01
2.04408817635e+09 -7.99013103085e-03 -1.46482580875e-01
2.06412825651e+09 -8.44783817567e-03 -1.46215326984e-01
2.08416833667e+09 -8.90715977254e-03 -1.45977735899e-01
2.10420841683e+09 -9.36857875806e-03 -1.45769634367e-01
2.12424849699e+09 -9.83258083076e-03 -1.45590877844e-01
2.14428857715e+09 -1.02996557038e-02 -1.45441350157e-01
2.16432865731e+09 -1.07702983710e-02 -1.45320963233e-01
2.18436873747e+09 -1.12450103921e-02 -1.45229656880e-01
2.20440881764e+09 -1.17243012040e-02 -1.45167398631e-01
2.22444889780e+09 -1.22086894629e-02 -1.45134183636e-01
2.24448897796e+09 -1.26987044250e-02 -1.45130034616e-01
2.26452905812e+09 -1.31948873724e-02 -1.45155001866e-01
2.28456913828e+09 -1.36977930899e-02 -1.45209163315e-01
2.30460921844e+09 -1.42079914018e-02 -1.45292624632e-01
2.32464929860e+09 -1.47260687758e-02 -1.45405519392e-01
2.34468937876e+09 -1.52526300011e-02 -1.45548009286e-01
2.36472945892e+09 -1.57882999515e-02 -1.45720284387e-01
2.38476953908e+09 -1.63337254415e-02 -1.45922563463e-01
2.40480961924e+09 -1.68895771861e-02 -1.46155094341e-01
2.42484969940e+09 -1.74565518744e-02 -1.46418154321e-01
2.44488977956e+09 -1.80353743702e-02 -1.46712050640e-01
2.46492985972e+09 -1.86268000502e-02 -1.47037120982e-01
2.48496993988e+09 -1.92316172956e-02 -1.47393734037e-01
2.50501002004e+09 -1.98506501507e-02 -1.47782290106e-01
2.52505010020e+09 -2.04847611655e-02 -1.48203221754e-01
2.54509018036e+09 -2.11348544392e-02 -1.48656994506e-01
2.56513026052e+09 -2.18018788851e-02 -1.49144107582e-01
2.58517034068e+09 -2.24868317380e-02 -1.49665094680e-01
2.60521042084e+09 -2.31907623258e-02 -1.50220524790e-01
2.62525050100e+09 -2.39147761331e-02 -1.50811003044e-01
2.64529058116e+09 -2.46600391837e-02 -1.51437171594e-01
2.66533066132e+09 -2.54277827725e-02 -1.52099710521e-01
2.68537074148e+09 -2.62193085814e-02 -1.52799338749e-01
2.70541082164e+09 -2.70359942170e-02 -1.53536814985e-01
2.72545090180e+09 -2.78792992101e-02 -1.54312938642e-01
2.74549098196e+09 -2.87507715238e-02 -1.55128550765e-01
2.76553106212e+09 -2.96520546204e-02 -1.55984534920e-01
2.78557114228e+09 -3.05848951413e-02 -1.56881818046e-01
2.80561122244e+09 -3.15511512643e-02 -1.57821371240e-01
2.82565130261e+09 -3.25528018034e-02 -1.58804210457e-01
2.84569138277e+09 -3.35919561286e-02 -1.59831397086e-01
2.86573146293e+09 -3.46708649890e-02 -1.60904038378e-01
2.88577154309e+09 -3.57919323311e-02 -1.62023287669e-01
2.90581162325e+09 -3.69577282162e-02 -1.63190344371e-01
2.92585170341e+09 -3.81710029499e-02 -1.64406453636e-01
2.94589178357e+09 -3.94347025512e-02 -1.65672905659e-01
2.96593186373e+09 -4.07519857003e-02 -1.66991034502e-01
2.98597194389e+09 -4.21262423219e-02 -1.68362216356e-01
3.00601202405e+09 -4.35611139742e-02 -1.69787867114e-01
3.02605210421e+09 -4.50605162375e-02 -1.71269439107e-01
3.04609218437e+09 -4.66286633104e-02 -1.72808416833e-01
3.06613226453e+09 -4.82700950486e-02 -1.74406311472e-01
3.08617234469e+09 -4.99897067043e-02 -1.76064653942e-01
3.10621242485e+09 -5.17927816479e-02 -1.77784986201e-01
3.12625250501e+09 -5.36850273848e-02 -1.79568850450e-01
3.14629258517e+09 -5.56726152073e-02 -1.81417775815e-01
3.16633266533e+09 -5.77622238532e-02 -1.83333262023e-01
3.18637274549e+09 -5.99610875729e-02 -1.85316759453e-01
3.20641282565e+09 -6.22770490384e-02 -1.87369644889e-01
3.22645290581e+09 -6.47186175558e-02 -1.89493192098e-01
3.24649298597e+09 -6.72950330671e-02 -1.91688536236e-01
3.26653306613e+09 -7.00163364462e-02 -1.93956630866e-01
3.28657314629e+09 -7.28934465997e-02 -1.96298196153e-01
3.30661322645e+09 -7.59382448732e-02 -1.98713656491e-01
3.32665330661e+09 -7.91636672311e-02 -2.01203065506e-01
3.34669338677e+09 -8.25838046064e-02 -2.03766015964e-01
3.36673346693e+09 -8.62140117023e-02 -2.06401531639e-01
3.38677354709e+09 -9.00710243379e-02 -2.09107937620e-01
3.40681362725e+09 -9.41730851542e-02 -2.11882704879e-01
3.42685370741e+09 -9.85400770897e-02 -2.14722264123e-01
3.44689378758e+09 -1.03193663455e-01 -2.17621783052e-01
3.46693386774e+09 -1.08157432633e-01 -2.20574900057e-01
3.48697394790e+09 -1.13457044304e-01 -2.23573406221e-01
3.50701402806e+09 -1.19120372596e-01 -2.26606866100e-01
3.52705410822e+09 -1.25177639474e-01 -2.29662166301e-01
3.54709418838e+09 -1.31661528954e-01 -2.32722979297e-01
3.56713426854e+09 -1.38607269054e-01 -2.35769128390e-01
3.58717434870e+09 -1.46052663615e-01 -2.38775838321e-01
3.60721442886e+09 -1.54038049835e-01 -2.41712855064e-01
3.62725450902e+09 -1.62606149359e-01 -2.44543418165e-01
3.64729458918e+09 -1.71801770561e-01 -2.47223070187e-01
3.66733466934e+09 -1.81671306964e-01 -2.49698291344e-01
3.68737474950e+09 -1.92261961324e-01 -2.51904954326e-01
3.70741482966e+09 -2.03620606715e-01 -2.53766606596e-01
3.72745490982e+09 -2.15792175508e-01 -2.55192607125e-01
3.74749498998e+09 -2.28817445720e-01 -2.56076174815e-01
3.76753507014e+09 -2.42730074553e-01 -2.56292450182e-01
3.78757515030e+09 -2.57552715909e-01 -2.55696734143e-01
3.80761523046e+09 -2.73292060157e-01 -2.54123151539e-01
3.82765531062e+09 -2.89932662456e-01 -2.51384094019e-01
3.84769539078e+09 -3.07429497318e-01 -2.47270924421e-01
3.86773547094e+09 -3.25699313101e-01 -2.41556562360e-01
3.88777555110e+09 -3.44611084316e-01 -2.34000694072e-01
3.90781563126e+09 -3.63976191019e-01 -2.24358415990e-01
3.92785571142e+09 -3.83539396365e-01 -2.12393064860e-01
3.94789579158e+09 -4.02972213382e-01 -1.97893721239e-01
3.96793587174e+09 -4.21870760616e-01 -1.80697306742e-01
3.98797595190e+09 -4.39760537770e-01 -1.60714269342e-01
4.00801603206e+09 -4.56110469382e-01 -1.37955596608e-01
4.02805611222e+09 -4.70357807797e-01 -1.12557504118e-01
4.04809619238e+09 -4.81943886390e-01 -8.47990041514e-02
4.06813627255e+09 -4.90358347245e-01 -5.51072115734e-02
4.08817635271e+09 -4.95186789963e-01 -2.40462118934e-02
4.10821643287e+09 -4.96154624911e-01 7.71218414251e-03
4.12825651303e+09 -4.93159216071e-01 3.94338068334e-02
4.14829659319e+09 -4.86283800671e-01 7.03777742769e-02
4.16833667335e+09 -4.75790070934e-01 9.98538587614e-02
4.18837675351e+09 -4.62090748120e-01 1.27272459859e-01
4.20841683367e+09 -4.45707533300e-01 1.52179927340e-01
4.22845691383e+09 -4.27222212404e-01 1.74275543475e-01
4.24849699399e+09 -4.07228880388e-01 1.93410475827e-01
4.26853707415e+09 -3.86293551591e-01 2.09572211845e-01
4.28857715431e+09 -3.64924729557e-01 2.22859681035e-01
4.30861723447e+09 -3.43555791814e-01 2.33454421622e-01
4.32865731463e+09 -3.22537981585e-01 2.41592196364e-01
4.34869739479e+09 -3.02141644722e-01 2.47538006340e-01
4.36873747495e+09 -2.82563020827e-01 2.51565997887e-01
4.38877755511e+09 -2.63934134957e-01 2.53944604568e-01
4.40881763527e+09 -2.46333859989e-01 2.54926511659e-01
4.42885771543e+09 -2.29798811932e-01 2.54742641051e-01
4.44889779559e+09 -2.14333270147e-01 2.53599235203e-01
4.46893787575e+09 -1.99917724859e-01 2.51677167663e-01
4.48897795591e+09 -1.86515938205e-01 2.49132740600e-01
4.50901803607e+09 -1.74080580410e-01 2.46099389528e-01
4.52905811623e+09 -1.62557596252e-01 2.42689868218e-01
4.54909819639e+09 -1.51889494960e-01 2.38998616872e-01
4.56913827655e+09 -1.42017760204e-01 2.35104119092e-01
4.58917835671e+09 -1.32884561419e-01 2.31071129359e-01
4.60921843687e+09 -1.24433923541e-01 2.26952706682e-01
4.62925851703e+09 -1.16612485791e-01 2.22792026536e-01
4.64929859719e+09 -1.09369954863e-01 2.18623966621e-01
4.66933867735e+09 -1.02659335455e-01 2.14476476131e-01
4.68937875752e+09 -9.64370022423e-02 2.10371745960e-01
4.70941883768e+09 -9.06626619604e-02 2.06327200818e-01
4.72945891784e+09 -8.52992420061e-02 2.02356335096e-01
4.74949899800e+09 -8.03127324122e-02 1.98469413601e-01
4.76953907816e+09 -7.56720006717e-02 1.94674056674e-01
4.78957915832e+09 -7.13485933183e-02 1.90975727196e-01
4.80961923848e+09 -6.73165339809e-02 1.87378134864e-01
4.82965931864e+09 -6.35521245251e-02 1.83883571045e-01
4.84969939880e+09 -6.00337536221e-02 1.80493185598e-01
4.86973947896e+09 -5.67417154325e-02 1.77207215313e-01
4.88977955912e+09 -5.36580399149e-02 1.74025172136e-01
4.90981963928e+09 -5.07663354406e-02 1.70945997987e-01
4.92985971944e+09 -4.80516438206e-02 1.67968191905e-01
4.94989979960e+09 -4.55003074705e-02 1.65089914265e-01
4.96993987976e+09 -4.30998481923e-02 1.62309072033e-01
4.98997995992e+09 -4.08388569008e-02 1.59623388342e-01
5.01002004008e+09 -3.87068935473e-02 1.57030459126e-01
5.03006012024e+09 -3.66943964576e-02 1.54527799050e-01
5.05010020040e+09 -3.47926003079e-02 1.52112878630e-01
5.07014028056e+09 -3.29934619805e-02 1.49783154076e-01
5.09018036072e+09 -3.12895935830e-02 1.47536091150e-01
5.11022044088e+09 -2.96742019571e-02 1.45369184097e-01
5.13026052104e+09 -2.81410340524e-02 1.43279970521e-01
5.15030060120e+09 -2.66843275902e-02 1.41266042949e-01
5.17034068136e+09 -2.52987664940e-02 1.39325057665e-01
5.19038076152e+09 -2.39794406073e-02 1.37454741333e-01
5.21042084168e+09 -2.27218092663e-02 1.35652895802e-01
5.23046092184e+09 -2.15216683372e-02 1.33917401447e-01
5.25050100200e+09 -2.03751203644e-02 1.32246219327e-01
5.27054108216e+09 -1.92785475123e-02 1.30637392388e-01
5.29058116232e+09 -1.82285870157e-02 1.29089045908e-01
5.31062124248e+09 -1.72221088819e-02 1.27599387349e-01
5.33066132265e+09 -1.62561956146e-02 1.26166705736e-01
5.35070140281e+09 -1.53281237521e-02 1.24789370684e-01
5.37074148297e+09 -1.44353470351e-02 1.23465831160e-01
5.39078156313e+09 -1.35754810362e-02 1.22194614046e-01
5.41082164329e+09 -1.27462891023e-02 1.20974322580e-01
5.43086172345e+09 -1.19456694731e-02 1.19803634708e-01
5.45090180361e+09 -1.11716434565e-02 1.18681301402e-01
5.47094188377e+09 -1.04223445487e-02 1.17606144973e-01
5.49098196393e+09 -9.69600840106e-03 1.16577057405e-01
5.51102204409e+09 -8.99096354415e-03 1.15592998734e-01
5.53106212425e+09 -8.30562278567e-03 1.14652995495e-01
5.55110220441e+09 -7.63847520938e-03 1.13756139247e-01
5.57114228457e+09 -6.98807870590e-03 1.12901585188e-01
5.59118236473e+09 -6.35305297311e-03 1.12088550884e-01
5.61122244489e+09 -5.73207292820e-03 1.11316315094e-01
5.63126252505e+09 -5.12386247760e-03 1.10584216729e-01
5.65130260521e+09 -4.52718859455e-03 1.09891653931e-01
5.67134268537e+09 -3.94085565694e-03 1.09238083282e-01
5.69138276553e+09 -3.36370000024e-03 1.08623019156e-01
5.71142284569e+09 -2.79458464239e-03 1.08046033204e-01
5.73146292585e+09 -2.23239413855e-03 1.07506753988e-01
5.75150300601e+09 -1.67602952471e-03 1.07004866771e-01
5.77154308617e+09 -1.12440330898e-03 1.06540113449e-01
5.79158316633e+09 -5.76434469739e-04 1.06112292651e-01
5.81162324649e+09 -3.10434185254e-05 1.05721259997e-01
5.83166332665e+09 5.12853115320e-04 1.05366928525e-01
5.85170340681e+09 1.05634732345e-03 1.05049269286e-01
5.87174348697e+09 1.60054572827e-03 1.04768312120e-01
5.89178356713e+09 2.14657481437e-03 1.04524146615e-01
5.91182364729e+09 2.69558693665e-03 1.04316923242e-01
5.93186372745e+09 3.24876656438e-03 1.04146854696e-01
5.95190380762e+09 3.80733692698e-03 1.04014217423e-01
5.97194388778e+09 4.37256713370e-03 1.03919353350e-01
5.99198396794e+09 4.94577984759e-03 1.03862671824e-01
6.01202404810e+09 5.52835960423e-03 1.03844651748e-01
6.03206412826e+09 6.12176187627e-03 1.03865843936e-01
6.05210420842e+09 6.72752299878e-03 1.03926873666e-01
6.07214428858e+09 7.34727108536e-03 1.04028443440e-01
6.09218436874e+09 7.98273808341e-03 1.04171335935e-01
6.11222444890e+09 8.63577313808e-03 1.04356417134e-01
6.13226452906e+09 9.30835745914e-03 1.04584639616e-01
6.15230460922e+09 1.00026209142e-02 1.04857045974e-01
6.17234468938e+09 1.07208606057e-02 1.05174772310e-01
6.19238476954e+09 1.14655617287e-02 1.05539051764e-01
6.21242484970e+09 1.22394210535e-02 1.05951217971e-01
6.23246492986e+09 1.30453734324e-02 1.06412708363e-01
6.25250501002e+09 1.38866217923e-02 1.06925067149e-01
6.27254509018e+09 1.47666711535e-02 1.07489947798e-01
6.29258517034e+09 1.56893672999e-02 1.08109114764e-01
6.31262525050e+09 1.66589408339e-02 1.08784444133e-01
6.33266533066e+09 1.76800574658e-02 1.09517922756e-01
6.35270541082e+09 1.87578755360e-02 1.10311645331e-01
6.37274549098e+09 1.98981119285e-02 1.11167808687e-01
6.39278557114e+09 2.11071177322e-02 1.12088702354e-01
6.41282565130e+09 2.23919652257e-02 1.13076694196e-01
6.43286573146e+09 2.37605480201e-02 1.14134209523e-01
6.45290581162e+09 2.52216964845e-02 1.15263701636e-01
6.47294589178e+09 2.67853109023e-02 1.16467611137e-01
6.49298597194e+09 2.84625151635e-02 1.17748310518e-01
6.51302605210e+09 3.02658341707e-02 1.19108029537e-01
6.53306613226e+09 3.22093985132e-02 1.20548755456e-01
6.55310621242e+09 3.43091802928e-02 1.22072100472e-01
6.57314629259e+09 3.65832642196e-02 1.23679126296e-01
6.59318637275e+09 3.90521581113e-02 1.25370112771e-01
6.61322645291e+09 4.17391465636e-02 1.27144253435e-01
6.63326653307e+09 4.46706905339e-02 1.28999255696e-01
6.65330661323e+09 4.78768734651e-02 1.30930816607e-01
6.67334669339e+09 5.13918907070e-02 1.32931936592e-01
6.69338677355e+09 5.52545723534e-02 1.34992022606e-01
6.71342685371e+09 5.95089186640e-02 1.37095718742e-01
6.73346693387e+09 6.42046096976e-02 1.39221386151e-01
6.75350701403e+09 6.93974232968e-02 1.41339135811e-01
6.77354709419e+09 7.51494533732e-02 1.43408298723e-01
6.79358717435e+09 8.15289570280e-02 1.45374202595e-01
6.81362725451e+09 8.86095660239e-02 1.47164119807e-01
6.83366733467e+09 9.64684659144e-02 1.48682273681e-01
6.85370741483e+09 1.05182966413e-01 1.49803865418e-01
6.87374749499e+09 1.14824658587e-01 1.50368256526e-01
6.89378757515e+09 1.25450098597e-01 1.50171778604e-01
6.91382765531e+09 1.37086741222e-01 1.48961235211e-01
6.93386773547e+09 1.49712825051e-01 1.46430108121e-01
6.95390781563e+09 1.63230383562e-01 1.42220830108e-01
6.97394789579e+09 1.77431999005e-01 1.35938097621e-01
6.99398797595e+09 1.91964914255e-01 1.27179495883e-01
7.01402805611e+09 2.06301018821e-01 1.15589396584e-01
7.03406813627e+09 2.19727335332e-01 1.00938087066e-01
7.05410821643e+09 2.31376079475e-01 8.32183791742e-02
7.07414829659e+09 2.40310661093e-01 6.27369430406e-02
7.09418837675e+09 2.45668422594e-01 4.01634176190e-02
7.11422845691e+09 2.46832977097e-01 1.64991470170e-02
7.13426853707e+09 2.43581785528e-01 -7.05008260813e-03
7.15430861723e+09 2.36149820785e-01 -2.92709912147e-02
7.17434869739e+09 2.25179782707e-01 -4.91461296122e-02
7.19438877756e+09 2.11578897957e-01 -6.59956117208e-02
7.21442885772e+09 1.96339379049e-01 -7.95211678736e-02
7.23446893788e+09 1.80382485220e-01 -8.97611885367e-02
7.25450901804e+09 1.64460872980e-01 -9.69946086212e-02
7.27454909820e+09 1.49122804885e-01 -1.01634851724e-01
7.29458917836e+09 1.34721986171e-01 -1.04141324423e-01
7.31462925852e+09 1.21451703936e-01 -1.04958958943e-01
7.33466933868e+09 1.09386113434e-01 -1.04484414260e-01
7.35470941884e+09 9.85184391493e-02 -1.03052273284e-01
7.37474949900e+09 8.87917113110e-02 -1.00933902232e-01
7.39478957916e+09 8.01213167206e-02 -9.83430901643e-02
7.41482965932e+09 7.24104085137e-02 -9.54445083986e-02
7.43486973948e+09 6.55597828759e-02 -9.23626605319e-02
7.45490981964e+09 5.94737829715e-02 -8.91901348999e-02
7.47494989980e+09 5.40635065795e-02 -8.59946749092e-02
7.49498997996e+09 4.92482692149e-02 -8.28249720421e-02
7.51503006012e+09 4.49559910563e-02 -7.97152764056e-02
7.53507014028e+09 4.11229567979e-02 -7.66889947194e-02
7.55511022044e+09 3.76932394807e-02 -7.37614599595e-02
7.57515030060e+09 3.46179705193e-02 -7.09420426856e-02
7.59519038076e+09 3.18545657089e-02 -6.82357490757e-02
7.61523046092e+09 2.93659700916e-02 -6.56444238734e-02
7.63527054108e+09 2.71199549772e-02 -6.31676518967e-02
7.65531062124e+09 2.50884822432e-02 -6.08034309507e-02
7.67535070140e+09 2.32471402591e-02 -5.85486721060e-02
7.69539078156e+09 2.15746496799e-02 -5.63995699874e-02
7.71543086172e+09 2.00524341555e-02 -5.43518753926e-02
7.73547094188e+09 1.86642495769e-02 -5.24010946516e-02
7.75551102204e+09 1.73958650827e-02 -5.05426341200e-02
7.77555110220e+09 1.62347892348e-02 -4.87719036512e-02
7.79559118236e+09 1.51700352632e-02 -4.70843894606e-02
7.81563126253e+09 1.41919198920e-02 -4.54757042095e-02
7.83567134269e+09 1.32918909176e-02 -4.39416201960e-02
7.85571142285e+09 1.24623793357e-02 -4.24780900740e-02
7.87575150301e+09 1.16966723987e-02 -4.10812584273e-02
7.89579158317e+09 1.09888045049e-02 -3.97474666917e-02
7.91583166333e+09 1.03334632793e-02 -3.84732532999e-02
7.93587174349e+09 9.72590860114e-03 -3.72553504494e-02
7.95591182365e+09 9.16190267286e-03 -3.60906785435e-02
7.97595190381e+09 8.63764951804e-03 -3.49763390821e-02
7.99599198397e+09 8.14974253834e-03 -3.39096065838e-02
8.01603206413e+09 7.69511897078e-03 -3.28879199617e-02
8.03607214429e+09 7.27102026145e-03 -3.19088736661e-02
8.05611222445e+09 6.87495752091e-03 -3.09702088152e-02
8.07615230461e+09 6.50468135152e-03 -3.00698044740e-02
8.09619238477e+09 6.15815544316e-03 -2.92056691916e-02
8.11623246493e+09 5.83353342270e-03 -2.83759328670e-02
8.13627254509e+09 5.52913851822e-03 -2.75788389934e-02
8.15631262525e+09 5.24344566265e-03 -2.68127373024e-02
8.17635270541e+09 4.97506571531e-03 -2.60760768230e-02
8.19639278557e+09 4.72273152593e-03 -2.53673993527e-02
8.21643286573e+09 4.48528560404e-03 -2.46853333356e-02
8.23647294589e+09 4.26166919003e-03 -2.40285881342e-02
8.25651302605e+09 4.05091255209e-03 -2.33959486789e-02
8.27655310621e+09 3.85212635704e-03 -2.27862704783e-02
8.29659318637e+09 3.66449398383e-03 -2.21984749691e-02
8.31663326653e+09 3.48726466568e-03 -2.16315451878e-02
8.33667334669e+09 3.31974736207e-03 -2.10845217433e-02
8.35671342685e+09 3.16130527437e-03 -2.05564990708e-02
8.37675350701e+09 3.01135093041e-03 -2.00466219496e-02
8.39679358717e+09 2.86934177221e-03 -1.95540822643e-02
8.41683366733e+09 2.73477619004e-03 -1.90781159954e-02
8.43687374749e+09 2.60718995241e-03 -1.86180004201e-02
8.45691382766e+09 2.48615298818e-03 -1.81730515098e-02
8.47695390782e+09 2.37126648222e-03 -1.77426215103e-02
8.49699398798e+09 2.26216025057e-03 -1.73260966894e-02
8.51703406814e+09 2.15849036523e-03 -1.69228952419e-02
8.53707414830e+09 2.05993700210e-03 -1.65324653390e-02
8.55711422846e+09 1.96620248880e-03 -1.61542833113e-02
8.57715430862e+09 1.87700953165e-03 -1.57878519569e-02
8.59719438878e+09 1.79209960350e-03 -1.54326989639e-02
8.61723446894e+09 1.71123147608e-03 -1.50883754391e-02
8.63727454910e+09 1.63417988263e-03 -1.47544545363e-02
8.65731462926e+09 1.56073429762e-03 -1.44305301752e-02
8.67735470942e+09 1.49069782240e-03 -1.41162158458e-02
8.69739478958e+09 1.42388616633e-03 -1.38111434903e-02
8.71743486974e+09 1.36012671437e-03 -1.35149624595e-02
8.73747494990e+09 1.29925767288e-03 -1.32273385351e-02
8.75751503006e+09 1.24112728633e-03 -1.29479530162e-02
8.77755511022e+09 1.18559311837e-03 -1.26765018634e-02
8.79759519038e+09 1.13252139129e-03 -1.24126948971e-02
8.81763527054e+09 1.08178637866e-03 -1.21562550463e-02
8.83767535070e+09 1.03326984625e-03 -1.19069176444e-02
8.85771543086e+09 9.86860537080e-04 -1.16644297683e-02
8.87775551102e+09 9.42453696606e-04 -1.14285496181e-02
8.89779559118e+09 8.99950634564e-04 -1.11990459345e-02
8.91783567134e+09 8.59258320344e-04 -1.09756974517e-02
8.93787575150e+09 8.20289008993e-04 -1.07582923827e-02
8.95791583166e+09 7.82959895266e-04 -1.05466279358e-02
8.97795591182e+09 7.47192793371e-04 -1.03405098586e-02
8.99799599198e+09 7.12913840276e-04 -1.01397520098e-02
9.01803607214e+09 6.80053220639e-04 -9.94417595531e-03
9.03807615230e+09 6.48544911592e-04 -9.75361058742e-03
9.05811623246e+09 6.18326445790e-04 -9.56789176638e-03
9.07815631263e+09 5.89338691251e-04 -9.38686198179e-03
9.09819639279e+09 5.61525646656e-04 -9.21037003318e-03
9.11823647295e+09 5.34834250908e-04 -9.03827072854e-03
9.13827655311e+09 5.09214205820e-04 -8.87042459941e-03
9.15831663327e+09 4.84617810932e-04 -8.70669763173e-03
9.17835671343e+09 4.60999809531e-04 -8.54696101131e-03
9.19839679359e+09 4.38317245010e-04 -8.39109088313e-03
9.21843687375e+09 4.16529326804e-04 -8.23896812355e-03
9.23847695391e+09 3.95597305182e-04 -8.09047812468e-03
9.25851703407e+09 3.75484354236e-04 -7.94551059012e-03
9.27855711423e+09 3.56155462482e-04 -7.80395934147e-03
9.29859719439e+09 3.37577330500e-04 -7.66572213494e-03
9.31863727455e+09 3.19718275119e-04 -7.53070048737e-03
9.33867735471e+09 3.02548139673e-04 -7.39879951129e-03
9.35871743487e+09 2.86038209907e-04 -7.26992775831e-03
9.37875751503e+09 2.70161135114e-04 -7.14399707047e-03
9.39879759519e+09 2.54890854171e-04 -7.02092243904e-03
9.41883767535e+09 2.40202526098e-04 -6.90062187038e-03
9.43887775551e+09 2.26072464861e-04 -6.78301625844e-03
9.45891783567e+09 2.12478078111e-04 -6.66802926352e-03
9.47895791583e+09 1.99397809599e-04 -6.55558719695e-03
9.49899799599e+09 1.86811085019e-04 -6.44561891136e-03
9.51903807615e+09 1.74698261052e-04 -6.33805569622e-03
9.53907815631e+09 1.63040577403e-04 -6.23283117841e-03
9.55911823647e+09 1.51820111623e-04 -6.12988122746e-03
9.57915831663e+09 1.41019736550e-04 -6.02914386529e-03
9.59919839679e+09 1.30623080188e-04 -5.93055918016e-03
9.61923847695e+09 1.20614487870e-04 -5.83406924462e-03
9.63927855711e+09 1.10978986568e-04 -5.73961803726e-03
9.65931863727e+09 1.01702251205e-04 -5.64715136802e-03
9.67935871743e+09 9.27705728388e-05 -5.55661680697e-03
9.69939879760e+09 8.41708286202e-05 -5.46796361620e-03
9.71943887776e+09 7.58904533953e-05 -5.38114268490e-03
9.73947895792e+09 6.79174128622e-05 -5.29610646725e-03
9.75951903808e+09 6.02401781837e-05 -5.21280892307e-03
9.77955911824e+09 5.28477019698e-05 -5.13120546116e-03
9.79959919840e+09 4.57293955440e-05 -5.05125288502e-03
9.81963927856e+09 3.88751074203e-05 -4.97290934102e-03
9.83967935872e+09 3.22751029171e-05 -4.89613426875e-03
9.85971943888e+09 2.59200448415e-05 -4.82088835351e-03
9.87975951904e+09 1.98009751809e-05 -4.74713348091e-03
9.89979959920e+09 1.39092977433e-05 -4.67483269325e-03
9.91983967936e+09 8.23676169213e-06 -4.60395014786e-03
9.93987975952e+09 2.77544592333e-06 -4.53445107716e-03
9.95991983968e+09 -2.48225576282e-06 -4.46630175032e-03
9.97995991984e+09 -7.54364874104e-06 -4.39946943660e-03
1.00000000000e+10 -1.24157509322e-05 -4.33392237012e-03
